1574135024781  0.93
1574135025402  4.92
1574135026378  3.18
1574135027474  3.15
1574135028404  3.4
1574135029411  14.04
1574135030426  12.22
1574135031472  11.21
1574135032341  17.38
1574135033419  7.03
1574135034421  7.0
1574135035372  20.11
1574135036385  19.32
1574135037505  10.96
1574135038421  11.72
1574135039405  36.44
1574135040452  3.76
1574135041465  9.59
1574135042309  18.53
1574135043406  15.3
1574135044379  38.46
1574135045353  7.31
1574135046476  3.57
1574135047482  13.38
1574135048374  16.57
1574135049473  11.23
1574135050372  9.97
1574135051433  33.33
1574135052439  4.04
1574135053448  10.1
1574135054356  19.1
1574135055436  12.82
1574135056425  15.44
1574135057423  7.03
1574135058427  3.71
1574135059374  9.43
1574135060482  15.96
1574135061342  12.33
1574135062500  14.71
1574135063362  5.74
1574135064540  3.52
1574135065374  15.06
1574135066452  17.32
1574135067402  11.41
1574135068425  30.84
1574135069320  6.63
1574135070521  3.4
1574135071412  11.78
1574135072368  15.97
1574135073426  12.3
1574135074407  23.23
1574135075417  23.24
1574135076503  3.28
1574135077370  12.27
1574135078374  18.18
1574135079371  9.32
1574135080491  31.59
1574135081371  4.68
1574135082486  3.57
1574135083502  14.18
1574135084383  15.12
1574135085567  14.35
1574135086376  32.45
1574135087452  6.49
1574135088423  3.66
1574135089444  3.8
1574135090419  4.1
1574135091364  4.18
1574135092542  4.6
1574135093376  4.07
1574135094472  3.62
1574135095439  3.7
1574135096427  3.78
1574135097418  3.97
1574135098428  3.52
1574135099431  4.21
1574135100418  3.27
1574135101479  3.68
1574135102437  4.25
1574135103480  3.6
1574135104427  3.83
1574135105472  3.71
1574135106413  3.61
1574135107492  3.69
1574135108426  4.01
1574135109434  3.68
1574135110444  3.66
1574135111440  3.9
1574135112430  4.09
1574135113418  3.71
1574135114502  3.91
1574135115452  4.31
1574135116413  3.8
1574135117463  3.57
1574135118488  4.49
1574135119401  4.08
1574135120374  4.0
1574135121363  4.25
1574135122377  3.93
1574135123349  4.0
